Extract all files to a common directory
Navigate to that directory
Type in "javac CompleteSolution.java"
Type in "java CompleteSolution input.txt"

Conducts Gaussian Elimination.
Classifies matrix based of number of pivots.
Situationally transforms matrix into RREF if there are infinite solutions

Current inputfile contains the last test case shown

//7 x 7 Matrix w/ 1 solution
The input matrix is: 
1.00 0.00 0.00 0.00 0.00 0.00 0.00 1.00 
0.00 1.00 0.00 0.00 0.00 0.00 0.00 2.00 
0.00 0.00 1.00 0.00 0.00 0.00 0.00 3.00 
0.00 0.00 0.00 1.00 0.00 0.00 0.00 4.00 
0.00 0.00 0.00 0.00 1.00 0.00 0.00 5.00 
0.00 0.00 0.00 0.00 0.00 1.00 0.00 6.00 
0.00 0.00 0.00 0.00 0.00 0.00 1.00 7.00 

The matrix after elimination is: 
1.00 0.00 0.00 0.00 0.00 0.00 0.00 1.00 
0.00 1.00 0.00 0.00 0.00 0.00 0.00 2.00 
0.00 0.00 1.00 0.00 0.00 0.00 0.00 3.00 
0.00 0.00 0.00 1.00 0.00 0.00 0.00 4.00 
0.00 0.00 0.00 0.00 1.00 0.00 0.00 5.00 
0.00 0.00 0.00 0.00 0.00 1.00 0.00 6.00 
0.00 0.00 0.00 0.00 0.00 0.00 1.00 7.00 
There is one solution: 
1.0
2.0
3.0
4.0
5.0
6.0
7.0
____
//8 x 7 matrix with a row of zeros w/o corresponding 0
The input matrix is: 
1.00 0.00 0.00 0.00 0.00 0.00 0.00 1.00 
0.00 1.00 0.00 0.00 0.00 0.00 0.00 2.00 
0.00 0.00 1.00 0.00 0.00 0.00 0.00 3.00 
0.00 0.00 0.00 1.00 0.00 0.00 0.00 4.00 
0.00 0.00 0.00 0.00 1.00 0.00 0.00 5.00 
0.00 0.00 0.00 0.00 0.00 1.00 0.00 6.00 
0.00 0.00 0.00 0.00 0.00 0.00 1.00 7.00 
0.00 0.00 0.00 0.00 0.00 0.00 1.00 0.00 

The matrix after elimination is: 
1.00 0.00 0.00 0.00 0.00 0.00 0.00 1.00 
0.00 1.00 0.00 0.00 0.00 0.00 0.00 2.00 
0.00 0.00 1.00 0.00 0.00 0.00 0.00 3.00 
0.00 0.00 0.00 1.00 0.00 0.00 0.00 4.00 
0.00 0.00 0.00 0.00 1.00 0.00 0.00 5.00 
0.00 0.00 0.00 0.00 0.00 1.00 0.00 6.00 
0.00 0.00 0.00 0.00 0.00 0.00 1.00 7.00 
0.00 0.00 0.00 0.00 0.00 0.00 0.00 -7.00 
There is no solution

____
//8 x 7 matrix with a row of zeros and a corresponding 0
The input matrix is: 
1.00 0.00 0.00 0.00 0.00 0.00 0.00 1.00 
0.00 1.00 0.00 0.00 0.00 0.00 0.00 2.00 
0.00 0.00 1.00 0.00 0.00 0.00 0.00 3.00 
0.00 0.00 0.00 1.00 0.00 0.00 0.00 4.00 
0.00 0.00 0.00 0.00 1.00 0.00 0.00 5.00 
0.00 0.00 0.00 0.00 0.00 1.00 0.00 6.00 
0.00 0.00 0.00 0.00 0.00 0.00 1.00 7.00 
0.00 0.00 0.00 0.00 0.00 0.00 1.00 7.00 

The matrix after elimination is: 
1.00 0.00 0.00 0.00 0.00 0.00 0.00 1.00 
0.00 1.00 0.00 0.00 0.00 0.00 0.00 2.00 
0.00 0.00 1.00 0.00 0.00 0.00 0.00 3.00 
0.00 0.00 0.00 1.00 0.00 0.00 0.00 4.00 
0.00 0.00 0.00 0.00 1.00 0.00 0.00 5.00 
0.00 0.00 0.00 0.00 0.00 1.00 0.00 6.00 
0.00 0.00 0.00 0.00 0.00 0.00 1.00 7.00 
0.00 0.00 0.00 0.00 0.00 0.00 0.00 0.00 
There is one solution: 
1.0
2.0
3.0
4.0
5.0
6.0
7.0

___
// 4 x 7 matrix where the free columns are all on the right hand side
The input matrix is: 
  1.00   2.00   2.00   3.00   1.00   2.00   3.00   1.00 
  3.00   1.00   2.00   1.00   2.00   3.00   1.00   2.00 
  1.00   4.00   1.00   2.00   1.00   3.00   3.00   3.00 
  2.00   4.00   1.00   1.00   3.00   1.00   2.00   4.00 

The matrix after elimination is: 
  1.00   2.00   2.00   3.00   1.00   2.00   3.00   1.00 
  0.00  -5.00  -4.00  -8.00  -1.00  -3.00  -8.00  -1.00 
  0.00   0.00  -2.60  -4.20  -0.40  -0.20  -3.20   1.60 
  0.00   0.00   0.00  -0.15   1.46  -2.77  -0.31   0.15 
There are infinite solutions
The RREF is: 
  1.00   0.00   0.00   0.00  -7.50  16.00   1.00   0.00 
  0.00   1.00   0.00   0.00   3.00  -5.00   0.00   1.00 
  0.00   0.00   1.00   0.00  15.50 -29.00  -2.00   1.00 
  0.00   0.00   0.00   1.00  -9.50  18.00   2.00  -1.00 
A particular solution is: 
0.00
1.00
1.00
-1.00
0
0
0
The special solution(s) is/are: 

7.50
-3.00
-15.50
9.50
1
0
0

-16.00
5.00
29.00
-18.00
0
1
0

-1.00
-0.00
2.00
-2.00
0
0
1

____
//4 x7 matrix where there is a free column in the middle
The input matrix is: 
  1.00   0.00   2.00   3.00   1.00   2.00   3.00   1.00 
  3.00   0.00   2.00   1.00   2.00   3.00   1.00   2.00 
  1.00   0.00   1.00   2.00   1.00   3.00   3.00   3.00 
  2.00   0.00   1.00   1.00   3.00   1.00   2.00   4.00 

The matrix after elimination is: 
  1.00   0.00   2.00   3.00   1.00   2.00   3.00   1.00 
  0.00   0.00  -4.00  -8.00  -1.00  -3.00  -8.00  -1.00 
  0.00   0.00   0.00   1.00   0.25   1.75   2.00   2.25 
  0.00   0.00   0.00   0.00   1.50  -2.50   0.00   0.50 
There are infinite solutions
The RREF is: 
  1.00   0.00   0.00   0.00   0.00   3.50   1.00   2.50 
  0.00  -0.00   1.00   0.00   0.00  -3.17  -2.00  -4.17 
  0.00   0.00   0.00   1.00   0.00   2.17   2.00   2.17 
  0.00   0.00   0.00   0.00   1.00  -1.67   0.00   0.33 
A particular solution is: 
2.50
0
-4.17
2.17
0.33
0
0
The special solution(s) is/are: 

-0.00
1
0.00
-0.00
-0.00
0
0

-3.50
0
3.17
-2.17
1.67
1
0

-1.00
0
2.00
-2.00
-0.00
0
1

___
//Rank 1 matrix with lots of free columns
The input matrix is: 
  1.00   2.00   3.00   4.00   5.00   6.00   7.00   1.00 
  2.00   4.00   6.00   8.00  10.00  12.00  14.00   2.00 
  3.00   6.00   9.00  12.00  15.00  18.00  21.00   3.00 
  4.00   8.00  12.00  16.00  20.00  24.00  28.00   4.00 

The matrix after elimination is: 
  1.00   2.00   3.00   4.00   5.00   6.00   7.00   1.00 
  0.00   0.00   0.00   0.00   0.00   0.00   0.00   0.00 
  0.00   0.00   0.00   0.00   0.00   0.00   0.00   0.00 
  0.00   0.00   0.00   0.00   0.00   0.00   0.00   0.00 
There are infinite solutions
The RREF is: 
  1.00   2.00   3.00   4.00   5.00   6.00   7.00   1.00 
  0.00   0.00   0.00   0.00   0.00   0.00   0.00   0.00 
  0.00   0.00   0.00   0.00   0.00   0.00   0.00   0.00 
  0.00   0.00   0.00   0.00   0.00   0.00   0.00   0.00 
A particular solution is: 
1.00
0
0
0
0
0
0
The special solutions are: 

-2.00
1
0
0
0
0
0

-3.00
0
1
0
0
0
0

-4.00
0
0
1
0
0
0

-5.00
0
0
0
1
0
0

-6.00
0
0
0
0
1
0

-7.00
0
0
0
0
0
1
